=== 月份鱼种集合相似度 (Jaccard, 对角线=1) ===
         1     2     3     4     5     6     7     8     9    10    11    12
 1   1.00  1.00  0.80  0.53  0.41  0.32  0.33  0.32  0.31  0.45  0.65  0.97
 2   1.00  1.00  0.80  0.53  0.41  0.32  0.33  0.32  0.31  0.45  0.65  0.97
 3   0.80  0.80  1.00  0.67  0.53  0.38  0.35  0.32  0.36  0.52  0.70  0.79
 4   0.53  0.53  0.67  1.00  0.78  0.57  0.52  0.49  0.49  0.56  0.65  0.52
 5   0.41  0.41  0.53  0.78  1.00  0.73  0.64  0.60  0.58  0.65  0.51  0.40
 6   0.32  0.32  0.38  0.57  0.73  1.00  0.89  0.84  0.75  0.57  0.41  0.32
 7   0.33  0.33  0.35  0.52  0.64  0.89  1.00  0.94  0.77  0.50  0.37  0.32
 8   0.32  0.32  0.32  0.49  0.60  0.84  0.94  1.00  0.82  0.53  0.38  0.32
 9   0.31  0.31  0.36  0.49  0.58  0.75  0.77  0.82  1.00  0.64  0.48  0.32
10   0.45  0.45  0.52  0.56  0.65  0.57  0.50  0.53  0.64  1.00  0.71  0.46
11   0.65  0.65  0.70  0.65  0.51  0.41  0.37  0.38  0.48  0.71  1.00  0.67
12   0.97  0.97  0.79  0.52  0.40  0.32  0.32  0.32  0.32  0.46  0.67  1.00

=== 每月独有鱼 (仅该月出现, 邻月都没有) ===
   9月: ['鲑鱼', '帝王鲑']
